1588584214   0.0965856 -0.00612961 -0.00549719   0.887679 -0.0579624   0.100972 -0.445508
1588584214    0.138613 -0.00977731 -0.00714908   0.887346 -0.0609124   0.103624 -0.445164
1588584214    0.180882  -0.0139401 -0.00921982   0.887133 -0.0669115   0.106115 -0.444137
1588584214   0.239881 -0.0164602 -0.0106921   0.887054 -0.0700529   0.110084 -0.442843
1588584214   0.250457  -0.016487 -0.0109033   0.886748 -0.0740776   0.111075 -0.442553
1588584214    0.259616  -0.0148881 -0.00994392   0.886797 -0.0754575   0.108765 -0.442796
1588584214    0.252046  -0.0117659 -0.00928277   0.887222 -0.0712878   0.102448 -0.44414
1588584215    0.236666 -0.00972703  -0.0104584   0.889141 -0.0695745  0.0928565 -0.44269
1588584215    0.220945 -0.00914802  -0.0127258   0.890025 -0.0669175  0.0877896 -0.442356
1588584215    0.181807 -0.00836628  -0.0182487   0.893132 -0.0597923   0.075337 -0.439425
1588584215    0.171101 -0.00683541  -0.0188944   0.893885 -0.0573889  0.0736642 -0.438466
1588584215    0.144539 -0.00571932  -0.0211239  0.895427 -0.048647 0.0656042 -0.437657
1588584215    0.101217 -0.00522125   -0.026266   0.897797 -0.0343244  0.0554261 -0.435628
1588584215  0.0839119 -0.0040257 -0.0282492   0.899034 -0.0288065   0.047056 -0.434394
1588584215  0.0297651 -0.0024578 -0.0343039    0.900619 -0.00703802   0.0281621 -0.433689
1588584215   0.0110863 -0.00156677  -0.0340287    0.900573 -0.00177964   0.0187904 -0.434305
1588584215  -0.0127294 -0.00173992  -0.0336405   0.900394 0.00733574 0.00971316 -0.43491
1588584216  -0.0417095 -0.00280486  -0.0335551    0.900211   0.0179948 -0.00262452 -0.435087
1588584216  -0.0780865 -0.00496072  -0.0320264   0.897073  0.0326153 -0.0170233 -0.440356
1588584216 -0.0966472 -0.0045351 -0.0331336   0.896622  0.0363292 -0.0211086 -0.440801
1588584216   -0.120517 -0.00669228  -0.0360326   0.895637  0.0462606 -0.0279343 -0.441494
1588584216   -0.133029 -0.00751825  -0.0384864   0.896139  0.0520794 -0.0297041 -0.439707
1588584216   -0.128886 -0.00855411  -0.0416537  0.896121 0.0523069 -0.029245 -0.439749
1588584216   -0.119657 -0.00658841  -0.0429565   0.897208  0.0508498 -0.0243363 -0.438004
1588584216    -0.06451 -0.00370206  -0.0457011    0.899555   0.0358752 -0.00494786 -0.435382
1588584216  -0.0603782 -0.00109886  -0.0459481    0.899568   0.0345939 -0.00340174 -0.435404
1588584216  -0.00965457 -0.000527239   -0.0461694   0.899512  0.0142344 0.00819129 -0.436688
1588584217  0.00324126 -0.00162221  -0.0460574   0.899249 0.00859547  0.0125394 -0.437177
1588584217   0.0209425 -0.00401459  -0.0450702   0.898235 0.00309933  0.0199382 -0.439053
1588584217   0.0444379 -0.00994208  -0.0427227    0.898394 -0.00518449   0.0256315 -0.438413
1588584217  0.0672697 -0.0189907 -0.0407168   0.896936 -0.0109071  0.0358529 -0.440576
1588584217  0.0734338 -0.0231282 -0.0406786   0.896503 -0.0147371  0.0349438 -0.441415
1588584217  0.0757191 -0.0270858 -0.0411777   0.895728 -0.0150408   0.037945 -0.442728
1588584217   0.075366 -0.0285356 -0.0407342   0.896177 -0.0142565  0.0375154 -0.441879
1588584217  0.0762073 -0.0288488 -0.0397118   0.896062 -0.0128125  0.0380714 -0.442108
1588584217  0.0726039  -0.028341 -0.0381665   0.896225 -0.0124829  0.0367155 -0.441903
1588584217   0.066302 -0.0227239 -0.0288097    0.895661 -0.00881518   0.0350954 -0.443264
1588584218  0.0647809 -0.0146029 -0.0173532    0.894571 -0.00992748   0.0325845 -0.445628
1588584218 0.0635501 0.0107732 0.0119594   0.889391 -0.0145948  0.0330429 -0.455724
1588584218 0.0643125 0.0328205 0.0376562   0.885243 -0.0130428  0.0379795 -0.463398
1588584218 0.0659757 0.0447739 0.0529275   0.882324 -0.0127843  0.0380554 -0.468929
1588584218  0.062141 0.0829087  0.114897    0.870746 -0.00570134   0.0463141 -0.489634
1588584218 0.0621308 0.0977467  0.141972    0.865105 -0.00390784   0.0474165 -0.499335
1588584218 0.0629081  0.110804  0.168885  -0.861396 0.00212433 -0.0457621 0.505866
1588584218 0.064184  0.12432 0.201985  -0.855634  0.0040331 -0.0446702 0.515646
1588584218 0.0644636  0.134654  0.231632  -0.849998 0.00472696 -0.0473108 0.524656
1588584218 0.0631383  0.140438  0.249657 -0.845168 0.0041913  -0.04771 0.532353
1588584219 0.0588896  0.137244  0.252157  -0.842152 0.00477994 -0.0473722 0.537136
1588584219 0.0573405  0.125437  0.222897  -0.845304 0.00304379 -0.0471125 0.53221
1588584219 0.0545358  0.109355  0.186347   -0.850818 -0.00131088  -0.0526459 0.522852
1588584219 0.0536946  0.103755  0.168608     -0.8532 -0.00220865  -0.0541271 0.518765
1588584219  0.055668 0.0875094  0.131434  -0.856279 0.00266084 -0.0547737 0.513597
1588584219 0.0580681 0.0676859 0.0916008  -0.858414 0.00557712 -0.0548952 0.509983
1588584219 0.0601739 0.0449874 0.0490566  -0.863633 0.00303108 -0.0522119 0.501408
1588584219  0.0659126 -0.0121536 -0.0358186   0.881628 0.00327536  0.0587504 -0.468272
1588584219  0.0669343 -0.0215716  -0.059761   0.883803 0.00287871  0.0585675 -0.464171
1588584219   0.069856 -0.0473747  -0.106529     0.8904 0.00266799  0.0568421 -0.451613
1588584219 0.0716535  -0.05824 -0.130359   0.893249 0.00331683  0.0469042 -0.447102
1588584220   0.073905 -0.0713006  -0.160434   0.899636 0.00521511  0.0445055 -0.434345
1588584220  0.0751874 -0.0764452  -0.176329  0.907006 0.0039476 0.0417839 -0.419027
1588584220  0.0747538 -0.0730109     -0.178   0.910598 0.00649426  0.0427905 -0.411021
1588584220  0.0727593 -0.0527382  -0.155681    0.90748 0.00900123  0.0405189 -0.41805
1588584220  0.0697451 -0.0249807  -0.121285   0.901556 0.00905503  0.0359913 -0.431073
1588584220  0.0676832 0.00153416 -0.0849909   0.895817 0.00972173  0.0359875 -0.442864
1588584220  0.0662028  0.0310079 -0.0467872   0.89012 0.0107142 0.0372832 -0.454076
1588584220  0.0635802  0.0661717 0.00350941  0.882224 0.0145122 0.0373353 -0.46913
1588584220 0.0588751   0.11408 0.0870082  0.869607 0.0155724 0.0324491 -0.492439
1588584221 0.0555008  0.140237   0.13842  -0.863063 -0.0151216 -0.0266597 0.50417
1588584221 0.0541085  0.159493  0.189476  -0.852248  -0.015868 -0.0279305 0.522161
1588584221 0.0525427  0.169517  0.224892  -0.847025 -0.0175411 -0.0317928 0.530319
1588584221 0.0502274   0.17644  0.258867  -0.840693  -0.019309 -0.0318457 0.540232
1588584221 0.0493083   0.17556  0.261881  -0.839938 -0.0198928 -0.0318995 0.541379
1588584221 0.0469565  0.168962  0.268962  -0.838147 -0.0216415 -0.0331785 0.544011
1588584221 0.0461285  0.162732  0.259621  -0.838704  -0.023549 -0.0361004 0.542879
1588584221 0.0443096   0.14873  0.234686  -0.841271 -0.0260579 -0.0407191 0.538449
1588584221 0.0443505  0.119981  0.188165  -0.847399 -0.0248146 -0.0424197 0.528698
1588584221 0.0451645 0.0913941  0.148347  -0.854363 -0.0253612 -0.0428367 0.517328
1588584221  0.045029 0.0858748  0.138327  -0.855576 -0.0252946 -0.0432422 0.515249
1588584222 0.0470652  0.065353  0.112962  -0.861939 -0.0222075 -0.0390236 0.505021
1588584222 0.0504533 0.0560214 0.0945665   -0.86444 -0.0210117 -0.0372447 0.500921
1588584222 0.0539666 0.0458446 0.0924329  -0.862827 -0.0190499 -0.0384097 0.503686
1588584222  0.055118 0.0382598 0.0956227  -0.862517 -0.0197358 -0.0367183 0.504309
1588584222  0.0606247 0.00785256   0.116908  -0.863111 -0.0247715 -0.0439355 0.502493
1588584222  0.0604098 -0.0129469   0.131992  -0.860777 -0.0264093 -0.0420474 0.50656
1588584222  0.0622035 -0.0766969   0.172701   -0.86231 -0.0315998 -0.0276618 0.50464
1588584222 0.0653305 -0.123717  0.203133  -0.859244 -0.0376447 -0.0257707 0.509532
1588584222 0.0688902 -0.165726  0.229027  -0.858145 -0.0391804  -0.023728 0.51136
1588584223 0.0709825 -0.207858  0.253961  -0.856978 -0.0387868 -0.0197118 0.513513
1588584223 0.0753201 -0.251069  0.276724  -0.856772 -0.0369213 -0.0203584 0.513971
1588584223 0.0767172  -0.26197  0.284152  -0.852946 -0.0365911 -0.0234495 0.520193
1588584223 0.0826704 -0.243975  0.269171  -0.855395 -0.0347911 -0.0185456 0.516474
1588584223 0.0866111  -0.21017  0.239644  -0.857617  -0.033694 -0.0143939 0.512986
1588584223 0.0837912 -0.160053  0.205595   -0.855655  -0.0308423 -0.00622608 0.516592
1588584223 0.0837248 -0.108366  0.168082   -0.862009  -0.0274941 -0.00418554 0.506146
1588584223  0.0801471 -0.0502718   0.127038  -0.863711 -0.0256899 -0.0109438 0.503214
1588584223 0.0750886 0.0263034 0.0707119  -0.863916 -0.0219701  -0.015263 0.502927
1588584223   0.0750431    0.115185 -0.00402046  0.865141 0.0200554 0.0318212 -0.500137
1588584224  0.0781815   0.142173 -0.0263938  -0.863608 -0.0188446 -0.0329381 0.502735
1588584224 0.0828094  0.205451 -0.072674   0.864843 0.00679594  0.0270987 -0.501276
1588584224  0.0840913   0.225855 -0.0858355   -0.862697 -0.00670961  -0.0322218 0.504653
1588584224   0.088015   0.253343 -0.0988013  -0.867134 0.00394928 -0.0276067 0.497303
1588584224  0.0856989   0.259129 -0.0977892    0.867729 -0.00406245    0.025407 -0.496372
1588584224 0.0796876  0.224652 -0.064248  0.872601 0.0159464  0.029603 -0.487285
1588584224  0.0737791   0.191145 -0.0361782   0.87217 0.0197228 0.0291978 -0.487936
1588584224   0.0665983    0.142694 0.000919641   0.87419  0.023033 0.0150513 -0.484899
1588584224 0.0606481 0.0340127 0.0739699    0.88196  0.0405813 -0.0103067 -0.469588
1588584224   0.0610928 -0.00283503    0.098993   0.881571  0.0434428 -0.0141469 -0.469837
1588584224 0.0618036 -0.067432  0.143025   0.881314  0.0521838 -0.0237456 -0.469048
1588584225  0.064411 -0.118379  0.180215   0.878016  0.0630054 -0.0180316 -0.474127
1588584225 0.0710386  -0.16698  0.217338   0.870788  0.0660987 -0.0107964 -0.487077
1588584225 0.0716717 -0.229967  0.262451   -0.86028 -0.0639494 0.00945391 0.505715
1588584225 0.0676185 -0.273661  0.288816   -0.86067 -0.0567991 0.00375156 0.505982
1588584225 0.0669544 -0.283931  0.296099  -0.858487 -0.0557573  0.0018415 0.509793
1588584225 0.0620131 -0.299454  0.303514  -0.851765 -0.0569291  0.0050537 0.520798
1588584225 0.0615852 -0.285817  0.292036  -0.856496 -0.0531196  0.0128777 0.513252
1588584225 0.0657888 -0.231249  0.252128  -0.868514 -0.0482594  0.0141284 0.493194
1588584225  0.067196 -0.180241  0.217958    0.87343  0.0452675 -0.0196301 -0.484488
1588584226 0.0797257 -0.148346  0.194324   0.876144  0.0427927 -0.0260003 -0.479443
1588584226   0.095116 -0.0164607  0.0982605   0.874852  0.0245637 -0.0143161 -0.483711
1588584226    0.098414 -0.00355482   0.0844627   0.872933  0.0228125 -0.0162539 -0.487045
1588584226      0.1102   0.0980902 -0.00216443   0.869046  0.0231248 0.00632913 -0.494198
1588584226   0.113769   0.166249 -0.0597113  0.867789 0.0215723 0.0115899 -0.496331
1588584226   0.111964   0.207977 -0.0996423  0.871258 0.0173883 0.0060431 -0.490486
1588584226  0.110423  0.240086 -0.128889    0.877872   0.0100933 -0.00731335 -0.478744
1588584226  0.109357  0.267219 -0.151073    0.883017   0.0130166 -0.00421327 -0.469144
1588584226 0.102481 0.270848 -0.15818    0.887594   0.0183135 -0.00160795 -0.460298
1588584226 0.0982673  0.248526 -0.136773    0.889844   0.0192978 -0.00442143 -0.455839
1588584226 0.0982651   0.22036 -0.106312    0.892194   0.0172897 -0.00788935 -0.451257
1588584227  0.0976914   0.178563 -0.0652443   0.897681  0.0254973 -0.0103196 -0.439801
1588584227  0.0979816   0.118974 -0.0121128   0.897165  0.0336968 -0.0135673 -0.440204
1588584227 0.0939996 0.0588454 0.0364848   0.896739  0.0407607 -0.0287401 -0.43985
1588584227   0.0862811 -0.00387933   0.0810929   0.893265  0.0518431 -0.0395299 -0.444831
1588584227  0.0815625 -0.0451066    0.10754   0.888962  0.0565261 -0.0385514 -0.452848
1588584227  0.0830548 -0.0749638   0.122287    0.88568  0.0547252 -0.0337743 -0.459833
1588584227 0.0832448 -0.096235  0.127239   0.883583  0.0471642 -0.0202001 -0.465484
1588584227 0.0842286 -0.102621  0.125912   0.882184  0.0443868 -0.0138452 -0.468605
1588584227 0.0879612  -0.10401  0.119669     0.882002    0.0386118 -0.000583806 -0.469669
1588584227  0.0923178 -0.0987387   0.113395   0.882437  0.0315958 0.00611671 -0.469329
1588584228  0.0883469 -0.0900476  0.0907691   0.88694 0.0176349 0.0190248 -0.46117
1588584228  0.0640112 -0.0866798  0.0800848  0.889139 0.0233697  0.018426 -0.456683
1588584228 -0.0106058 -0.0922849  0.0680123   0.888883  0.0561902 -0.0020785 -0.454782
1588584228 -0.0850619  -0.100121  0.0584313   0.887611  0.0922547 -0.0188323 -0.450898
1588584228 -0.147379 -0.102404 0.0465533   0.885997   0.124207 -0.0505596 -0.443924
1588584228 -0.167055 -0.101516 0.0351679   0.885741   0.135318 -0.0786824 -0.437
1588584228 -0.0964139 -0.0890065  0.0304452    0.89154   0.116551 -0.0591098 -0.433698
1588584228  0.0142384 -0.0712646   0.039707   0.894801  0.0758928 -0.0263391 -0.439251
1588584228   0.132149 -0.0631529  0.0591327  0.890034 0.0268014   0.01461 -0.454964
1588584228   0.216465 -0.0640319  0.0743886  0.886649 -0.012105 0.0479667 -0.459853
1588584229   0.266808 -0.0680684  0.0816148   0.880546 -0.0522756  0.0769031 -0.464792
1588584229   0.227405 -0.0635859  0.0741075   0.879375 -0.0426633  0.0831096 -0.466893
1588584229    0.10707 -0.0546486  0.0521695  0.878947 0.0141222 0.0557585 -0.473524
1588584229 -0.0102909 -0.0540489  0.0350524   0.878396  0.0675399 0.00971728 -0.473173
1588584229 -0.0908592 -0.0545581  0.0256633   0.878968   0.101197 -0.0290686 -0.465192
1588584229  -0.114388 -0.0505334  0.0228574    0.88633   0.106582 -0.0526168 -0.447564
1588584229 -0.00910591  -0.0395042   0.0390389   0.891528  0.0583868 -0.0393153 -0.448446
1588584229  0.0256754 -0.0388715   0.042814   0.887992  0.0469996 -0.0269211 -0.457217
1588584229   0.158091 -0.0391028  0.0597482    0.883669 -0.00699757   0.0167931 -0.46783
1588584230   0.214334 -0.0486921  0.0634363   0.879988 -0.0361951  0.0598161 -0.469892
1588584230   0.208512 -0.0609766  0.0650314   0.876692 -0.0474232   0.058855 -0.475092
1588584230   0.156757 -0.0657533  0.0620727   0.875145 -0.0176621  0.0527565 -0.480704
1588584230 0.0614263 -0.071329  0.049711  0.871083  0.038165 0.0466338 -0.487509
1588584230  -0.053262 -0.0824746  0.0287759  0.871378  0.104949 0.0034122 -0.479393
1588584230  -0.121883 -0.0946041  0.0225416   0.875593   0.134282 -0.0608034 -0.460054
1588584230  -0.121904 -0.0967937  0.0304445   0.874953   0.133462 -0.0750893 -0.459356
1588584230 -0.0900714 -0.0960912   0.047773   0.874463   0.126122 -0.0761556 -0.462177
1588584230  0.0291998 -0.0876649  0.0795303     0.8696  0.0900402 -0.0464697 -0.483287
1588584230   0.145345 -0.0844613   0.091186   0.871888  0.0457367 0.00344565 -0.487661
1588584230   0.208797 -0.0891219  0.0921979    0.873469 -0.00121231   0.0354362 -0.485674
1588584231  0.229623 -0.103545 0.0887691   0.871398 -0.0373664  0.0596574 -0.485504
1588584231  0.117253 -0.114741 0.0765076  0.872736 0.0145338 0.0440198 -0.486823
1588584231 0.0644557 -0.115895 0.0739454  0.871079  0.045932 0.0272377 -0.488307
1588584231 -0.0262796  -0.123895   0.074114   0.862571  0.0966082 -0.0111743 -0.496576
1588584231 -0.0924832  -0.123893  0.0772185   0.859867   0.121781 -0.0588907 -0.492354
1588584231 -0.107908 -0.115765 0.0737507   0.863478   0.122703 -0.0534443 -0.486311
1588584231 -0.0432537  -0.110803  0.0774386   0.875113  0.0904873 -0.0412003 -0.473622
1588584231 0.0326598 -0.107519 0.0826015   0.884402   0.052666 -0.0358533 -0.462413
1588584231  0.115162  -0.11002 0.0911333  0.884252  0.023575 -0.020267 -0.465992
1588584232  0.169604 -0.120003 0.0903676    0.883654  0.00885412 -0.00410182 -0.468055
1588584232  0.172691 -0.124727 0.0801489   0.885413  0.0112508 0.00282331 -0.464664
1588584232  0.163397 -0.129717 0.0608942   0.892498  0.0185726 0.00797165 -0.450606
1588584232  0.145943 -0.118418   0.12178     0.880202    0.0444776 -0.000118684 -0.472598
1588584232  0.146042 -0.100528  0.240332    0.853432   0.0576165 -0.00791196 -0.518037
1588584232   0.145892 -0.0869985   0.306657  -0.836077 -0.0576586  0.0168822 0.545381
1588584232   0.151796 -0.0713223   0.394065  -0.812333 -0.0604383 0.00706933 0.580033
1588584232  0.149045 -0.062465  0.396794  -0.806471 -0.0630382  0.0081085 0.587851
1588584232   0.143428 -0.0566672   0.354356  -0.815476 -0.0611374  0.0146021 0.575369
1588584232   0.149146 -0.0881997 -0.0245051    -0.897502   -0.0477973 -0.000192738 0.438871
1588584233  0.135309 -0.110158 -0.114968   0.930094  0.0341557 -0.0104412 -0.365864
1588584233   0.117291 -0.0855966 -0.0524788   0.925322  0.0451837 -0.0205589 -0.375989
1588584233   0.104632 -0.0473003  0.0751787   0.901669  0.0546586 -0.0365676 -0.42759
1588584233  0.0930035 -0.0239531   0.205483   0.870323  0.0760211 -0.0400034 -0.485136
1588584233   0.079325 -0.0173263    0.31785   0.833391  0.0858689 -0.0360963 -0.544938
1588584233  0.0732438 -0.0232201   0.326486  -0.821614 -0.0872844  0.0311304 0.562463
1588584233  0.0713449 -0.0510571   0.146886  -0.857043 -0.0768097  0.0205894 0.509671
1588584233  0.0796273 -0.0842369  0.0223616  -0.884914 -0.0665939 0.00473143 0.461145
1588584233 0.0894769 -0.139202 -0.122103   0.926325  0.0477823 0.00741154 -0.37395
1588584233 0.0895825 -0.163728 -0.159314   0.94051 0.0423893 0.0160684 -0.33676
1588584233  0.0848313  -0.131583 -0.0590173    0.919935     0.03563 -0.00470531 -0.390608
1588584234   0.076379 -0.0738956   0.178486    0.86925    0.04695 -0.0229189 -0.491792
1588584234 0.0720627 -0.056838  0.314659  -0.830761 -0.0436805  0.0268607 0.554397
1588584234   0.068621 -0.0598391   0.371577  -0.797066 -0.0415984  0.0277134 0.601873
1588584234  0.0683883 -0.0663298   0.355478  -0.799755 -0.0412005  0.0179658 0.598662
1588584234 0.0764329 -0.108909 0.0863436  -0.870607  -0.023247 0.00428517 0.493573
1588584234  0.0800517  -0.138783 -0.0100681   -0.896485   -0.019363 -0.00815274 0.44294
1588584234 0.0810947 -0.216887 -0.130085    0.933824 -0.00480504   0.0168774 -0.35796
1588584234  0.0763442   -0.20032 -0.0825004    0.920315 -0.00201754     0.01119 -0.391232
1588584234 0.0635652 -0.158107 0.0447585     0.88594   0.0072526 0.000272381 -0.463986
1588584234 0.0449011 -0.123674  0.219849  -0.845992 -0.0334269  0.0100598 0.532128
1588584235 0.0265302 -0.119301  0.361432  -0.812553 -0.0396387  0.0194473 0.581298
1588584235 0.0183574 -0.131421  0.397946  -0.800014 -0.0378886    0.01205 0.598668
1588584235 0.0150946 -0.156351  0.270967  -0.832204 -0.0314412 0.00710095 0.553605
1588584235 0.0250527 -0.224496 0.0568228  -0.881646 -0.0141537 -0.0131373 0.471767
1588584235  0.0328977  -0.299302 -0.0451796    0.912998 -0.00274534   0.0251742 -0.407395
1588584235  0.0345403  -0.323407 -0.0571001   0.914712 -0.0128844  0.0154389 -0.403626
1588584235  0.0247502  -0.310194 -0.0259422     0.90481 -0.00953176  0.00104836 -0.425915
1588584235  0.0290747  -0.294943 -0.0231618    0.904391 -0.00736423 -0.00122865 -0.426648
1588584235  0.00623881   -0.253598 -0.00382538    0.901728  0.00566897 -0.00369301 -0.432267
1588584236   0.0158917   -0.230903 -0.00453272    0.901004  0.00954515 -0.00331794 -0.433699
1588584236  0.0399147  -0.203166 0.00216475   0.901964 0.00996504 -0.0149323 -0.431445
1588584236 0.0484886 -0.239189 0.0395932    0.897698   0.0249154 -0.00763761 -0.439915
1588584236 0.0817177 -0.289702   0.10799   0.890058   0.031467 -0.0175008 -0.454445
1588584236 0.0975317 -0.454441  0.219599   0.880263  0.0431414 -0.0346966 -0.47127
1588584236  0.135397 -0.597156  0.344679  -0.842342 -0.0138314  -0.007958 0.538875
1588584236  0.149162 -0.589113   0.37499   -0.824589 -0.00367155  -0.0626639 0.562312
1588584236  0.155425 -0.554419  0.373306 -0.835673 0.0142898 -0.059923 0.545787
1588584236  0.153806 -0.473673  0.321894  -0.858699  0.0126863 -0.0457589 0.510311
1588584236  0.148238 -0.350012  0.242747   -0.87491 0.00662065 -0.0152811 0.484073
1588584236  0.137734 -0.232978  0.161698    0.882854 -0.00469957   0.0194473 -0.469255
1588584237   0.111068 -0.0670565  0.0312682  0.880027 0.0195334 0.0330818 -0.473379
1588584237  0.0976418 -0.0487578  0.0228134  0.890331 0.0223897 0.0268174 -0.454003
1588584237 0.0846954 -0.102225 0.0984649   0.879206  0.0236632 -0.0191786 -0.475529
1588584237 0.0895034 -0.190079  0.181789   0.877034  0.0331889 -0.0358472 -0.477973
1588584237  0.114761 -0.350776  0.299436   0.868211  0.0467305 -0.0607803 -0.490266
1588584237  0.126308 -0.415597  0.338797  -0.851799 -0.0475369  0.0478265 0.51956
1588584237  0.144567 -0.502788  0.379732  -0.839778 -0.0181649 -0.0200879 0.542276
1588584237   0.14347 -0.469125  0.351555   -0.852418 -0.00786206  -0.0201898 0.522439
1588584237 0.138703 -0.37765 0.282726   -0.875303 -0.00294348 -0.00979852 0.483526
1588584237  0.132797 -0.294933  0.216274    0.888162 0.000248516   0.0143019 -0.459347
1588584238  0.122818 -0.129138 0.0683671  0.894233 0.0159629  0.056672 -0.443809
1588584238   0.115257 -0.0779075  0.0161923  0.897384 0.0212572  0.056472 -0.437121
1588584238  0.0836801 -0.0495131 -0.0157153   0.914378 0.00950827 0.00842352 -0.404709
1588584238 0.0753782 -0.113157 0.0555167   0.913524  0.0331601 -0.0130465 -0.405266
1588584238 0.0817302 -0.211887  0.143383     0.9145  0.0489897 -0.0356951 -0.400055
1588584238 0.0904622 -0.288189  0.203223  0.909576 0.0589784 -0.048495 -0.408476
1588584238  0.111761 -0.410933  0.301405  0.889496 0.0608991 -0.046257 -0.450561
1588584238  0.121136 -0.455053  0.332722   0.883881  0.0538903 -0.0242804 -0.463993
1588584238  0.122068 -0.464863  0.327922    0.881354   0.0498756 -0.00969095 -0.469736
1588584238  0.116144 -0.415778  0.279809    0.89273  0.0529268 -0.0118648 -0.447342
1588584239  0.111542 -0.358099  0.229358     0.90094    0.049192 -0.00172701 -0.431159
1588584239  0.107553 -0.219865  0.115198   0.896724  0.0460572 0.00739528 -0.440168
1588584239   0.100403 -0.0974739   0.021012  0.896836 0.0435756 0.0197517 -0.439795
1588584239  0.0944433 -0.0380351  -0.021025     0.9002  0.0347299 0.00547631 -0.434094
1588584239  0.0870467 -0.0192076  -0.016138    0.904755   0.0364596 -0.00925263 -0.42428
1588584239  0.0917814 -0.0568658  0.0264693   0.905029  0.0474824 -0.0348778 -0.421281
1588584239    0.1116 -0.168282  0.121211   0.902417  0.0692098 -0.0481828 -0.422569
1588584239  0.135508 -0.278612  0.201184   0.898397  0.0674836 -0.0651006 -0.429078
1588584239  0.149299 -0.334172  0.238119   0.892087  0.0604916 -0.0683403 -0.44257
1588584239  0.171689 -0.415318  0.288345   0.875159  0.0432784 -0.0425802 -0.480042
1588584240  0.177848 -0.435733  0.295534   0.873586  0.0429327 -0.0288897 -0.483921
1588584240  0.184968 -0.407371  0.265445   0.878093  0.0444998 -0.0230749 -0.475904
1588584240  0.195949 -0.288988  0.165261   0.890189   0.066105 0.00033145 -0.450854
1588584240  0.203862 -0.247414  0.130172    0.8936 0.0591688 0.0106438 -0.444822
1588584240  0.210174 -0.138929 0.0325194  0.900547 0.0446483 0.0131763 -0.432268
1588584240   0.213866 -0.0254763 -0.0918231   0.90345 0.0434349 0.0325876 -0.425247
1588584240   0.195307  -0.028337 -0.0851945  0.904457 0.0553268 0.0078839 -0.422999
1588584240   0.177451 -0.0463697 -0.0651242   0.902734  0.0580682 0.00470762 -0.426244
1588584240  0.161531 -0.210082 0.0689477   0.898882  0.0730593 -0.0329057 -0.431086
1588584240  0.135961 -0.232228 0.0800452   0.898798  0.0743806 -0.0389199 -0.430277
1588584241  0.119066 -0.280679  0.107809   0.900924  0.0772225 -0.0362583 -0.425511
1588584241  0.128242 -0.307493  0.127053   0.89663 0.0653993 -0.033587 -0.436684
1588584241  0.132186 -0.274528 0.0914644   0.899298 0.00872265 0.00587907 -0.437243
1588584241 0.0935403 -0.269394 0.0802147   0.899806  0.0228539 0.00342352 -0.435702
1588584241 0.00526404  -0.261298  0.0816029   0.899932  0.0744454 -0.0411184 -0.427774
1588584241 -0.0553368  -0.255321   0.118682   0.885429   0.118932 -0.0664324 -0.444472
1588584241 -0.0998427  -0.238773   0.209116   0.855879   0.155379 -0.0940096 -0.484317
1588584241 -0.0888263  -0.208437   0.298296 -0.826009 -0.148384 0.0834838 0.53739
1588584241 0.00543933  -0.159176    0.38282  -0.805884 -0.0604427  0.0420184 0.5876
1588584241 0.0594123 -0.142737  0.349822  -0.807697 -0.0146034  0.0521227 0.587173
1588584242  0.072459 -0.142832   0.28601  -0.822247 -0.0178998  0.0445783 0.56712
1588584242 0.0905233 -0.155079  0.145753  -0.851352 -0.0131281   0.050599 0.522053
1588584242    0.134687   -0.191402 -0.00699549      0.8937 -0.00590612   -0.031988 -0.447698
1588584242   0.184203  -0.219115 -0.0757505   0.916784 -0.0321353 -0.0172085 -0.397895
1588584242  0.324154 -0.255106 -0.102859   0.93033 -0.109905 0.0460741 -0.346956
1588584242   0.395294  -0.243962 -0.0353432  0.908915  -0.14347 0.0875883 -0.381733
1588584242  0.443021 -0.203587  0.105942  0.864001 -0.143643  0.128961 -0.465191
1588584242  0.435056 -0.159321   0.21036  0.839121 -0.104719  0.143861 -0.514092
1588584242  0.382861 -0.112402   0.26808 -0.817192 0.0481457 -0.141304 0.556777
1588584242   0.324006 -0.0825407     0.2195 -0.828783  0.034726 -0.131069 0.542925
1588584243   0.211377 -0.0824085   0.017055   0.886541 -0.0315286  0.0912391 -0.452656
1588584243    0.10629 -0.0959702 -0.0692724   0.919186 -0.0254287   0.050073 -0.389953
1588584243  0.0107909 -0.0734496 -0.0475607   0.919892 0.00767078  0.0210723 -0.391614
1588584243 -0.0825514 -0.0226609  0.0684734    0.887662   0.0442643 -0.00540515 -0.458499
1588584243  -0.178903 0.00995962   0.218098  -0.835207 -0.0865779  0.0141226 0.543065
1588584243 -0.257074 0.0178653  0.315196 -0.802763 -0.112746 0.0446224 0.583907
1588584243 -0.352904 0.0106664  0.319095 -0.798738 -0.141052 0.0906458 0.577891
1588584243  -0.382065 0.00139795   0.233919 -0.826075 -0.146168 0.0973882 0.535542
1588584243  -0.360176 -0.0130118   0.102248 -0.860666 -0.124038 0.0915773 0.485364
1588584243  -0.302452 -0.0312602 -0.0108885    0.89431   0.086664 -0.0852463 -0.430775
1588584244  -0.199591 -0.0544399 -0.0996857   0.922221  0.0453861 -0.0504291 -0.380795
1588584244 -0.0818299 -0.0589079  -0.115826   0.934442 -0.0222849 -0.0199017 -0.355064
1588584244     0.1042 -0.0112043 -0.0049924  0.903323 -0.116168 0.0419986 -0.410941
1588584244  0.177407 0.0343759  0.122609  0.873442 -0.130609 0.0626689 -0.464953
1588584244  0.190325 0.0631929  0.206752   0.85303 -0.118967 0.0605906 -0.504544
1588584244 0.140354 0.100417 0.273425  -0.836589   0.080376 -0.0372432 0.540722
1588584244 0.0519408  0.119269  0.294455  -0.834364  0.0220376 0.00441317 0.550865
1588584244 -0.0914285   0.129275   0.291224  -0.839531 -0.0481343  0.0631242 0.537622
1588584244 -0.200954  0.133731  0.290588 -0.838927 -0.105734  0.120114 0.52023
1588584244 -0.18368 0.147174 0.325041 -0.839197 -0.113291  0.127333 0.516438
1588584245 -0.115878  0.157995  0.392554 -0.834309 -0.103413  0.102262 0.531795
1588584245 0.0241248  0.165705  0.488638  -0.802879 -0.0653536  0.0629995 0.589317
1588584245 0.063776 0.166135 0.503839  -0.801375 -0.0552134  0.0694597 0.591545
1588584245 0.248546 0.173414 0.492863  -0.792236  0.0177838 -0.0041454 0.611277
1588584245 0.373445 0.165422 0.289895  -0.810362  0.0695761 -0.0374614 0.580676
1588584245 0.412755 0.135549 0.139432  -0.834915  0.0952258 -0.0535939 0.539537
1588584245  0.424584 0.0838008 0.0124723  -0.869577   0.129934 -0.0666999 0.471982
1588584245   0.394302  0.0191855 -0.0580024  0.897837 -0.158826 0.0619422 -0.406105
1588584245   0.378674 0.00297196  -0.037769  0.902948 -0.160358 0.0362784 -0.397111
1588584245   0.361127 -0.0153898  0.0299074     0.904669    -0.157637 -0.000784035 -0.395916
1588584246  0.358343 -0.136763  0.332086     0.891685    -0.101859 -0.000221785 -0.442143
1588584246  0.359434 -0.160621  0.356376   0.887538  -0.104208 0.00256044 -0.448806
1588584246  0.341908 -0.186749  0.427868  0.871721 -0.103812 0.0535939 -0.475951
1588584246  0.309676 -0.161966   0.43274   0.863403 -0.0980403  0.0863346 -0.487322
1588584246   0.225918 0.00936643    0.33698   0.863796 -0.0699897  0.0659701 -0.494959
1588584246  0.218105 0.0244267  0.318682   0.862387 -0.0675686  0.0597445 -0.498191
1588584246 0.125071 0.270075 0.186024  -0.852919  0.0492794 -0.0411554 0.518281
1588584246 0.122476 0.260652 0.184824  -0.852779   0.049085 -0.0414499 0.518305
1588584246 0.0638689  0.316128  0.168432  -0.868781   0.036472 -0.0181804 0.49354
1588584246 0.0298492  0.272597  0.218932  -0.860765 0.00935329 0.00160958 0.508952
1588584247 0.00541524   0.164291    0.30433  -0.859476 -0.0230854  0.0154288 0.510445
1588584247 0.00140459  0.0401836   0.377169  -0.858148 -0.0245623  0.0314438 0.511858
1588584247   0.012057 -0.0922766   0.420974    -0.837207   -0.0147866 -0.000436515 0.546729
1588584247 0.00499165  -0.115417   0.417255    -0.83092 0.000638559   -0.011568 0.556287
1588584247 -0.0196262 -0.0685744   0.376585  -0.841861 0.00754455 -0.0217632 0.539226
1588584247 -0.0403268 -0.0142274   0.343719    -0.8442 0.00646742 -0.0159447 0.535763
1588584247 -0.0589008  0.0918072   0.279807   -0.845887  0.00649875 -0.00487718 0.533309
1588584247 -0.107617  0.266336  0.160301   -0.851359 -0.00557952  -0.0137858 0.524394
1588584247 -0.151381   0.32837 0.0950996    -0.8695 -0.0355144 -0.0336961 0.491533
1588584247 -0.190969  0.311445  0.143158    0.869649   0.0446075 -0.00151332 -0.491705
1588584248 -0.205452  0.284426  0.208237   0.868406  0.0604581 0.00483707 -0.492153
1588584248 -0.215762  0.232557  0.373512  0.853756 0.0848815 -0.032817 -0.512729
1588584248 -0.218071  0.204734  0.483219  -0.829222 -0.0929853  0.0393894 0.549776
1588584248 -0.21805 0.186609 0.603172  -0.791828 -0.0933253  0.0423443 0.602149
1588584248 -0.217635  0.191345  0.545979  -0.797711 -0.0755687  0.0477347 0.596574
1588584248 -0.215892   0.19519   0.47358  -0.807766 -0.0757388  0.0379815 0.583405
1588584248 -0.217795  0.192095  0.255199 -0.844456 -0.075166 0.0131255 0.530266
1588584248 -0.215142  0.151627 0.0419672      0.8939   0.0710329 -0.00885271 -0.442734
1588584248  -0.216845   0.110628 -0.0471371    0.920671    0.063521 -0.00113299 -0.385185
1588584248  -0.22463  0.135366 0.0324635   0.905167  0.0558035 -0.0191237 -0.421075
1588584249 -0.233946  0.184005   0.31982  -0.824599 -0.0554761  0.0650923 0.559445
1588584249 -0.234445  0.177403  0.487263  -0.777744 -0.0672084  0.0805744 0.619836
1588584249 -0.221402  0.170241  0.546002  -0.756417 -0.0661434  0.0889864 0.644648
1588584249 -0.194041  0.175474   0.49106  -0.767008 -0.0524064   0.072664 0.635375
1588584249 -0.165489  0.184693  0.247017  -0.818861 -0.0398488  0.0667967 0.56887
1588584249 -0.143794  0.158146 0.0728629  -0.875478 -0.0260589  0.0507499 0.480489
1588584249  -0.089764   0.113666 -0.0445066   0.923751 0.00892476 -0.0395531 -0.380885
1588584249 -0.0374525   0.155401   0.047451     0.9062 -0.0106256 -0.0418908 -0.420769
1588584249 0.00454164   0.206199   0.236367    0.857473 -0.00511611  -0.0425622 -0.51304
1588584249 0.0372425  0.230823  0.443943  -0.813479 -0.0195564  0.0322862 0.580456
1588584250 0.0646994  0.234908  0.566814  -0.777596 -0.0362005  0.0396373 0.626538
1588584250 0.102104 0.251964 0.546478  -0.776283 -0.0429914  0.0363505 0.627886
1588584250 0.160885 0.275025 0.238941  -0.839423 -0.0189723    0.04386 0.541565
1588584250  0.196153  0.236019 0.0116901 -0.912164 0.0106117  0.041798 0.408824
1588584250    0.22719   0.210931 -0.0465661   0.935396 -0.0484895 -0.0576206 -0.345943
1588584250   0.259067   0.232396 0.00614982   0.924986 -0.0487823 -0.0531853 -0.37318
1588584250 0.296126 0.289967 0.196988   0.872139 -0.0231059 -0.0405979 -0.487492
1588584250 0.313542 0.315843 0.375194   -0.819025 -0.00664673   0.0264388 0.573312
1588584250 0.340423 0.326295 0.553993  -0.77856 -0.043463 0.0143579 0.625952
1588584250 0.360993 0.330769 0.479164 -0.788819 -0.022599 0.0154192 0.61406
1588584251 0.378774 0.326115 0.357801  -0.808752  0.0131215 0.00745101 0.588758
1588584251 0.420605 0.291489 0.124599 -0.857104  0.109335 0.0080475 0.50496
1588584251  0.441441  0.267294 0.0453335   0.883061  -0.167901 0.00170823 -0.438517
1588584251  0.44758  0.27991 0.068439  0.881478 -0.178643 0.0205239 -0.436676
1588584251  0.37726 0.356451 0.268354  0.838292 -0.117467 0.0575821 -0.529628
1588584251  0.24038  0.40292 0.416153 -0.808878 0.0544194 -0.053797 0.583158
1588584251 0.129075 0.424447 0.468756  -0.793645  0.0172066 -0.0266136 0.607664
1588584251 -0.049174  0.447906  0.479998  -0.785757 -0.0530491  0.0230228 0.615956
1588584251 -0.198267  0.451728  0.419013  -0.79575 -0.101513 0.0954227 0.589532
1588584251 -0.28968 0.443106 0.314447 -0.813949 -0.135676  0.117535 0.552564
1588584252 -0.264835  0.436501  0.195504 -0.844966 -0.110259  0.126869 0.507754
1588584252 -0.133521  0.457369  0.199028  -0.842124 -0.0592906  0.0892876 0.528635
1588584252 0.0205096   0.46882  0.218464  -0.836594 -0.0173666  0.0319166 0.546748
1588584252 0.142881 0.460471  0.23452  -0.836213  0.0166867 -0.0142752 0.548037
1588584252 0.299294 0.409247 0.262085   -0.83589  0.0703144 -0.0863899 0.537614
1588584252 0.356329 0.378862 0.263449 -0.839408 0.0976527 -0.127623 0.519254
1588584252 0.262849 0.372771 0.163237   -0.85451  0.0806439 -0.0767367 0.507458
1588584252 0.131452 0.374528 0.107122   -0.86593   0.022638 -0.0372846 0.498467
1588584252 -0.00437225    0.390625     0.13425   0.859793  0.0228936 -0.0264091 -0.509636
1588584252 -0.0843834   0.420649   0.254548  -0.830439 -0.0658642  0.0497246 0.551117
1588584253 -0.113491  0.438873  0.364924  -0.805368 -0.0810718  0.0653819 0.583645
1588584253 -0.146289  0.445728  0.532714 -0.775062 -0.101166 0.0783499 0.618819
1588584253 -0.191959  0.438871  0.625587    -0.7285 -0.0988783  0.0746544 0.673803
1588584253 -0.210908  0.448408  0.506767  -0.760928 -0.0922069  0.0771253 0.637678
1588584253 -0.217357  0.440996  0.308356  -0.816646 -0.0783968  0.0687524 0.56793
1588584253 -0.216713  0.409257  0.129583  -0.867214 -0.0755356  0.0507657 0.489897
1588584253 -0.203244  0.351009 0.0103704   0.916974  0.0713226 -0.0347604 -0.3912
1588584253 -0.189962  0.381863   0.10766   0.892451  0.0624592 -0.0344313 -0.445711
1588584253 -0.144085  0.444008  0.425222  -0.784568 -0.0420759  0.0575464 0.616437
1588584254 -0.129969  0.446347  0.521385  -0.761439 -0.0425993  0.0630958 0.643907
1588584254 -0.0636692   0.427649   0.608792   -0.73462 -0.0408225  0.0476921 0.675745
1588584254 -0.0227826   0.428228   0.514284  -0.772448 -0.0304846  0.0540267 0.632162
1588584254 0.048815 0.388826 0.212537 -0.864022 -0.014572  0.038145 0.502472
1588584254  0.111228  0.312385 0.0465893  -0.924986 0.00295261  0.0207763 0.380747
1588584254  0.179428  0.303339 0.0846678   0.920693 -0.0164691 -0.0242664 -0.389316
1588584254   0.2459 0.344024 0.259999   0.862579 -0.0114467 -0.0254908 -0.505652
1588584254 0.291086 0.356202    0.384   -0.825924 -0.00610458   0.0156612 0.563674
1588584254 0.360082 0.348746 0.445778   -0.798721  0.00130573 -0.00419874 0.601747
1588584254 0.483731 0.298375  0.42209  -0.791685  0.0696321 -0.0472643 0.605276
1588584254 0.552793 0.245082  0.37675  -0.806383   0.172439 -0.0836806 0.559824
1588584255 0.410762 0.221514 0.291846  -0.831535   0.106345 -0.0608833 0.541978
1588584255 0.230731 0.220337 0.240907    -0.854281   0.00768078 -0.000821129 0.520173
1588584255 0.0965459  0.216667   0.27308  -0.850787 -0.0651282  0.0689305 0.517162
1588584255 0.00557857   0.223863   0.405179 -0.800831  -0.11389  0.105458 0.578612
1588584255 -0.025951  0.235875  0.536414 -0.772452 -0.106108  0.112435 0.615995
1588584255 -0.0734961    0.23703   0.611575 -0.740343 -0.105164 0.0938903 0.657349
1588584255 -0.179257  0.214396  0.500265 -0.763945 -0.133516  0.113818 0.621035
1588584255 -0.163413  0.172267   0.33688  -0.832419 -0.0697745    0.14343 0.531298
1588584255 -0.079021 0.0919965   0.24115  -0.877719 -0.0113525  0.0938405 0.470178
1588584255 -0.0246848  0.0423253   0.247361    0.882845 -0.00419787  -0.0559359 -0.466385
1588584256 0.0563883   -0.0373  0.321866   0.880137  -0.032941 -0.0353509 -0.472338
1588584256  0.153474 -0.139748  0.475699    0.860203   -0.059972 0.000382795 -0.506717
1588584256  0.219702 -0.161193  0.569003  -0.835418   0.063893 -0.0147318 0.545715
1588584256   0.247566 -0.0788538   0.585838  -0.818085  0.0497358 -0.0205087 0.57259
1588584256  0.262248 0.0120461  0.573172   -0.81037  0.0481669 -0.0194561 0.583612
1588584256 0.284655 0.229176 0.475491   -0.82402  0.0274626 -0.0276605 0.565427
1588584256 0.278204 0.261106 0.437589  -0.846602 0.00308286 -0.0451232 0.530374
1588584256 0.275423 0.159569 0.494708    -0.833953 -0.000466131   -0.0236461 0.551726
1588584256   0.279778 0.00870131   0.569292   -0.829191 -0.00434666  -0.0180601 0.558683
1588584256  0.281903 -0.145309  0.638715  -0.832624  0.0100255 -0.0077757 0.553709
1588584257  0.290882 -0.317725  0.674351   -0.825296    0.038345 -0.00801427 0.563352
1588584257  0.268559 -0.374934  0.655943 -0.832062 0.0583826 -0.072993 0.546825
1588584257  0.228432 -0.342806   0.60949 -0.833058 0.0422028 -0.080332 0.545712
1588584257  0.138202 -0.169671  0.488493  -0.841421 0.00533282 -0.0472025 0.538343
1588584257  0.0831578 -0.0641775   0.426629  -0.842533 0.00843294 -0.0481114 0.536428
1588584257 -0.0897061  -0.086089   0.440545  -0.850184 -0.0453656 -0.0377577 0.523713
1588584257  -0.14519 -0.155423  0.493376   -0.85385 -0.0475634 -0.0253973 0.517759
1588584257 -0.188422 -0.208606  0.535656  -0.856219 -0.0588014  0.0101286 0.513223
1588584257 -0.276275 -0.251208  0.604473  -0.839279 -0.0992235  0.0528441 0.532021
1588584257 -0.303419 -0.208167  0.608906 -0.838839 -0.115335 0.0623464 0.528378
1588584258 -0.383625 0.0146058  0.497801 -0.834133 -0.108943 0.0511431 0.538354
1588584258  -0.39958 0.0771187  0.408275 -0.857634 -0.120756 0.0370205 0.498607
1588584258 -0.390041 0.0855094  0.373287   0.855334   0.122117 -0.0465664 -0.501397
1588584258  -0.248766 -0.0381468   0.273317  -0.870016 -0.0674641   0.045885 0.486976
1588584258  -0.169464 -0.0716103   0.282593   0.879623  0.0358727 -0.0342081 -0.473255
1588584258 -0.064418 -0.108814  0.330226   0.881652 0.00565735 0.00770382 -0.471957
1588584258   0.12853 -0.151632  0.577008 -0.801405  0.113007 -0.116708 0.576101
1588584258  0.137329 -0.136799  0.676264 -0.764143  0.113256 -0.134903 0.620722
1588584258  0.0694766 -0.0543551   0.763703  -0.73344 0.0498542 -0.101206 0.670536
1588584258 -0.0368188  0.0555576   0.710376  -0.750142 -0.0291442 -0.0460933 0.659314
1588584259 -0.13674 0.140258 0.563892  -0.771835 -0.0616151 0.00549785 0.632998
1588584259 -0.207075  0.173503  0.426012  -0.800338 -0.0852085  0.0332022 0.592726
1588584259 -0.21978 0.166161 0.255255  -0.831428 -0.0703538  0.0948932 0.543059
1588584259 -0.168326  0.141861  0.203012  -0.835343 -0.0621222  0.0864997 0.539324
1588584259 0.00406003  0.0715221   0.113493   -0.86309 0.00337486   0.049297 0.502843
1588584259 0.0878291 0.0313576 0.0841749   0.878283 -0.0397025 -0.0161105 -0.476844
1588584259    0.21219 -0.0492764  0.0730696  0.899237 -0.127913  0.071334 -0.412941
1588584259   0.204182 -0.0451341    0.16587  0.887136 -0.150123  0.142847 -0.412465
1588584259 0.0438786 0.0551134  0.357806  0.870453 -0.102649  0.133924 -0.462528
1588584259 -0.137629  0.137259  0.587714  -0.843066  0.0364775 -0.0264785 0.536169
1588584260 -0.216298  0.158648  0.727943  -0.820779 0.00151863  0.0469767 0.570735
1588584260 -0.366266  0.206445    0.9138  -0.796072 -0.0624138  0.0651676 0.599002
1588584260 -0.366152  0.208344  0.915152  -0.796168 -0.0632433  0.0655771 0.598185
1588584260 -0.399251   0.22055    0.9095  -0.801528 -0.0742091  0.0717816 0.588985
1588584260 -0.360876  0.222479  0.716621 -0.820371    -0.067 0.0556261 0.565201
1588584260 -0.265261  0.206935  0.539338  -0.844683 -0.0435486  0.0470209 0.531469
1588584260 -0.141763  0.162701  0.364475     -0.8731 -0.00878332 -0.00379892 0.487687
1588584260 -0.00739147    0.087027    0.218577   0.900798 -0.0440655  0.0575888 -0.428457
1588584260   0.120679 -0.0366641   0.106403  0.926184 -0.107389  0.122226 -0.343176
1588584260   0.136436 -0.0657846  0.0954107  0.930738 -0.126256  0.141263 -0.312889
1588584261 0.0184259 0.0228136  0.172707  0.927828 -0.110115  0.111425 -0.338704
1588584261 -0.103573  0.132451  0.283406   0.916711 -0.0667978  0.0636583 -0.389046
1588584261 -0.156711  0.192433  0.370495   0.901928 -0.0409752  0.0190081 -0.430521
1588584261 -0.316613  0.274904  0.590808   0.864979  0.0297122 -0.0642164 -0.497328
1588584261 -0.404662  0.298023   0.77061   -0.82217 -0.0681007  0.0875297 0.558457
1588584261 -0.440621   0.28782  0.815027 -0.799663 -0.086326 0.0730809 0.58976
1588584261 -0.472525  0.245195  0.707816  -0.81221  -0.10415 0.0569669 0.571201
1588584261 -0.488258  0.166294  0.499224 -0.851099 -0.122934 0.0602848 0.506966
1588584261 -0.484298 0.0755657  0.299769   0.898306   0.131579 -0.0606116 -0.415271
1588584261  -0.476704 -0.0124014   0.175114   0.934689   0.123316 -0.0668964 -0.326868
1588584262 -0.456122 -0.022566   0.15887     0.9496  0.0963227 -0.0851001 -0.285945
1588584262 -0.374661 0.0917053  0.281033   0.926865    0.07164 -0.0786092 -0.360253
1588584262 -0.228391  0.259216  0.568092   0.858508  0.0600928 -0.0130863 -0.509475
1588584262 -0.181072  0.310501  0.707497  -0.822204 -0.0845286 -0.0224091 0.56259
1588584262 -0.183759    0.3301  0.780975  -0.786016 -0.0863072 -0.0449718 0.610604
1588584262 -0.195121  0.318518  0.702462  -0.798196 -0.0791487 -0.0285683 0.596521
1588584262 -0.194987  0.284323  0.499092  -0.841816 -0.0806044 -0.0135392 0.533705
1588584262 -0.174115  0.219095   0.34144   -0.876136   -0.070547 -0.00347091 0.477062
1588584262 -0.147057 0.0768347  0.197417   0.947667 -0.0296727  0.0454884 -0.315201
1588584262 -0.175892 0.0764396  0.211145   0.951232 -0.0281688  0.0646069 -0.300384
1588584263 -0.273146   0.16194  0.315038     0.9378 -0.0176914  0.0636024 -0.340996
1588584263 -0.388412  0.269997  0.498245   0.905608  0.0199755 0.00259164 -0.424123
1588584263 -0.476789   0.34374   0.71989   0.862509   0.042452 -0.0612947 -0.50087
1588584263 -0.52716 0.371419 0.868322  -0.830802 -0.0677291  0.0630242 0.548956
1588584263 -0.560176  0.379997  0.947298  -0.802451 -0.0849156  0.0737909 0.586024
1588584263 -0.568872  0.373652  0.886891  -0.802371 -0.0918424  0.0654703 0.586108
1588584263 -0.562939  0.351513  0.702696  -0.843049 -0.0869646  0.0569418 0.528228
1588584263 -0.536035  0.275574  0.429803   0.911676  0.0886044 -0.0293254 -0.401678
1588584263 -0.519438  0.213069  0.317243   0.948651  0.0652494 -0.0194229 -0.309101
1588584263 -0.518604  0.247851  0.350468    0.94838   0.044698 -0.0296323 -0.312653
1588584264 -0.523123   0.39005  0.582981   0.893018  0.0500104 -0.0585698 -0.443706
1588584264 -0.517593  0.434083  0.692847   0.87166 0.0572984 -0.068171 -0.482028
1588584264 -0.501698  0.467947  0.765692  -0.844581 -0.0739017  0.0578628 0.527196
1588584264 -0.477587  0.459704  0.674309  -0.855001 -0.0722785  0.0491936 0.511246
1588584264 -0.430527  0.407633  0.519341    0.88474  0.0640233 -0.0338527 -0.460541
1588584264 -0.383427  0.330228  0.371228  0.932565 0.0294571 -0.018256 -0.359855
1588584264 -0.323914  0.340172   0.40382       0.941  -0.0161652 -0.00949614 -0.337983
1588584264 -0.298647  0.439899   0.58038    0.901298 -0.00339296  -0.0035784 -0.433406
1588584264 -0.26536 0.493704 0.728641    0.863912  0.00403862 -0.00416152 -0.503716
1588584264 -0.231496  0.526104  0.841267  -0.850479  -0.031246 -0.0115056 0.525
1588584264 -0.218555  0.533996  0.831353   -0.84543 -0.0512979 -0.0362997 0.530424
1588584265 -0.174244  0.482551  0.637859  -0.876966 -0.0335214 -0.0248959 0.478837
1588584265 -0.111033  0.348037  0.400637   0.927809 -0.0446266  0.0162999 -0.370466
1588584265 -0.0502985   0.275089    0.35023  0.944462 -0.121166 0.0400084 -0.30319
1588584265 -0.0114922   0.271065   0.384755   0.93845 -0.150044 0.0726478 -0.302634
1588584265 -0.00949356    0.331615    0.499033  0.912702 -0.155846  0.103246 -0.363457
1588584265 -0.0799526   0.396723   0.590448   0.90004 -0.124351  0.110475 -0.402877
1588584265 -0.267855   0.46405  0.656748   0.905459 -0.0650793  0.0518293 -0.416503
1588584265 -0.541307  0.500425  0.730058   0.897702  0.0305328 -0.0571663 -0.436109
1588584265 -0.650557   0.49968  0.836429   0.875564  0.0775947 -0.0781954 -0.470489
1588584266 -0.69722 0.488014 0.946872   0.854909  0.0967659 -0.0785181 -0.503606
1588584266 -0.718976  0.477082   1.01129  -0.829724 -0.0958433  0.0749064 0.5448
1588584266 -0.726011  0.481318  0.966821  -0.831096 -0.0916215  0.0567221 0.545608
1588584266 -0.720594  0.476749  0.787701  -0.864748 -0.0943879  0.0392219 0.491793
1588584266 -0.675733  0.382254  0.484786   0.926433  0.0894469 -0.0105901 -0.365852
1588584266 -0.661817  0.349083  0.427596   0.944395  0.0769692 -0.0068388 -0.319657
1588584266 -0.663058  0.393648  0.493147   0.932666  0.0627703 -0.0173731 -0.354948
1588584266 -0.663853  0.488286  0.652304  0.899677 0.0623487 -0.033084 -0.430961
1588584266 -0.648588  0.569487  0.862673   0.853679  0.0713316 -0.0483328 -0.513762
1588584266 -0.624316  0.610632   1.01163  -0.821701 -0.0766336  0.0469741 0.562848
1588584267 -0.573563  0.642477   1.03613  -0.802843 -0.0669376  0.0515856 0.590181
1588584267 -0.53822 0.651577 0.916964  -0.829386 -0.0626387  0.0419117 0.553642
1588584267 -0.474871  0.610549  0.620199  -0.893202 -0.0551841 0.00361716 0.446707
1588584267 -0.433159  0.555972  0.483914   0.931709  0.0327314 0.00310623 -0.362228
1588584267 -0.367688  0.523097   0.43712    0.951149   -0.024368 0.000391597 -0.307914
1588584267 -0.338837   0.59913  0.557176   0.922931 -0.0285057 0.00704591 -0.384212
1588584267 -0.313645  0.733889  0.906672   0.850005 0.00801338 0.00232941 -0.52697
1588584267 -0.304276  0.756231   1.01376    -0.8245 -0.0224571 -0.0239429 0.565052
1588584267 -0.287554  0.769818   1.08783  -0.801161 -0.0226222 -0.0290845 0.59734
1588584267 -0.261986  0.775644    1.0398  -0.809481 -0.0202937 -0.0341353 0.585833
1588584268 -0.234009  0.759797  0.863202  -0.852753 -0.0117265 -0.0424611 0.520616
1588584268  -0.2149 0.716542 0.690481    0.885605 -0.00593372    0.041374 -0.462687
1588584268 -0.171362  0.559774  0.431671  0.941062 -0.103348 0.0246594 -0.322883
1588584268 -0.147974  0.534449  0.437772  0.932458 -0.152714 0.0354289 -0.325618
1588584268 -0.13484 0.554538 0.507555  0.908438 -0.186866 0.0721324 -0.367031
1588584268 -0.171489  0.598405  0.568393   0.89743 -0.173607 0.0983163 -0.393512
1588584268 -0.262949  0.636352  0.613689   0.89285 -0.128119 0.0941603 -0.421462
1588584268 -0.438813  0.688976  0.679989   0.881772 -0.0546708  0.0492401 -0.466193
1588584268 -0.628386  0.739606   0.78991   0.863634  0.0177804 -0.0174013 -0.503627
